





----------------------------------------------





10      60
20      285
30      638
40      1179
50      2003
60      2662
70      3591
80      4873
90      5958
100      7442
110      9038
120      10598
130      12462
140      15168
150      16548
160      18770
170      21634
180      23184
190      26692
200      29679
210      32685
220      35468
230      39545
240      43466
250      45815
260      51345
270      55901
280      59992
290      64443
300      66422
310      71566
320      75021
330      80559
340      86582
350      89553
360      97178
370      103291
380      107925
390      115217
400      121508
410      125644
420      130882
430      137531
440      146489
450      147781
460      158712
470      164817
480      173274
490      180863
500      185187
510      195304
520      201002
530      208661
540      217646
550      228334
560      235480
570      247223
580      254124
590      260596
600      268402






----------------------------------------------





10      59
20      275
30      700
40      1111
50      1909
60      2715
70      3812
80      4707
90      5953
100      7399
110      8980
120      11008
130      12820
140      14717
150      16931
160      19108
170      21718
180      23720
190      26768
200      29574
210      33058
220      35363
230      40293
240      42979
250      46373
260      50355
270      54749
280      58437
290      61699
300      66668
310      72661
320      77109
330      82366
340      84996
350      92160
360      97588
370      99497
380      108115
390      114610
400      121381
410      124607
420      129558
430      139623
440      144829
450      152302
460      159392
470      163098
480      172882
490      179081
500      188755
510      194761
520      204717
530      211349
540      217342
550      226569
560      237071
570      239610
580      255296
590      261029
600      270016






----------------------------------------------





10      72
20      262
30      654
40      1153
50      1907
60      2572
70      3565
80      4856
90      5806
100      7644
110      8964
120      11124
130      12547
140      14402
150      17209
160      18801
170      21488
180      25065
190      27044
200      29922
210      32855
220      37259
230      38834
240      43533
250      46687
260      50325
270      52895
280      59335
290      64934
300      67514
310      72874
320      75909
330      80952
340      87850
350      90375
360      97023
370      100347
380      110371
390      114269
400      117961
410      126548
420      133731
430      137586
440      144658
450      150433
460      159997
470      169525
480      173560
490      180116
500      186849
510      196832
520      201740
530      208504
540      217576
550      223085
560      236335
570      243947
580      247574
590      261606
600      269837






----------------------------------------------





10      71
20      263
30      673
40      1075
50      1856
60      2790
70      3609
80      4617
90      5964
100      7211
110      8969
120      11119
130      12649
140      14844
150      16561
160      18868
170      21858
180      23672
190      26863
200      30501
210      32756
220      36678
230      39614
240      42346
250      47216
260      50300
270      55553
280      59146
290      63397
300      66073
310      70302
320      77443
330      81322
340      87082
350      91405
360      95894
370      104456
380      109547
390      114379
400      119361
410      125017
420      133053
430      136473
440      144428
450      153172
460      160312
470      165061
480      171976
490      176741
500      186088
510      193222
520      205364
530      208735
540      220149
550      223173
560      233936
570      241538
580      256706
590      261571
600      270423






----------------------------------------------





10      69
20      268
30      676
40      1087
50      1849
60      2729
70      3321
80      4846
90      6030
100      7067
110      8818
120      10455
130      12807
140      14530
150      17244
160      19576
170      21458
180      24293
190      26514
200      30016
210      32444
220      35687
230      39145
240      44100
250      46876
260      50689
270      55278
280      58504
290      62754
300      66903
310      72955
320      76674
330      79518
340      87522
350      92037
360      97127
370      103985
380      107059
390      114529
400      119813
410      125225
420      129808
430      135781
440      145132
450      148856
460      158830
470      165590
480      171359
490      177449
500      187226
510      192429
520      201107
530      209739
540      216614
550      224666
560      232362
570      249171
580      253693
590      261006
600      274728
