





----------------------------------------------





10      67
20      166
30      256
40      441
50      516
60      662
70      814
80      951
90      1090
100      1440
110      1423
120      1443
130      1629
140      1831
150      2247
160      2191
170      2545
180      2415
190      2578
200      2869
210      3151
220      3186
230      3659
240      3799
250      3793
260      3915
270      4809
280      4797
290      4472
300      5569
310      4662
320      4978
330      5064
340      5345
350      5449
360      6171
370      6816
380      6435
390      6730
400      6865
410      6979
420      6594
430      6866
440      7922
450      8269
460      7258
470      7595
480      8748
490      7854
500      8502
510      9244
520      8995
530      9531
540      9714
550      11288
560      10442
570      9948
580      10804
590      10702
600      10631






----------------------------------------------





10      62
20      163
30      296
40      410
50      607
60      641
70      877
80      1007
90      1275
100      1292
110      1349
120      1694
130      1758
140      2126
150      2211
160      2379
170      2639
180      2670
190      2619
200      3328
210      3178
220      3456
230      3490
240      3746
250      4476
260      4197
270      4220
280      4490
290      4782
300      4625
310      4742
320      4924
330      5270
340      5540
350      5862
360      6146
370      5891
380      6213
390      6489
400      6499
410      7244
420      7451
430      7383
440      7937
450      8555
460      7418
470      7980
480      8707
490      8140
500      8464
510      8484
520      8757
530      8780
540      9077
550      10333
560      9705
570      9824
580      11625
590      10675
600      13526






----------------------------------------------





10      53
20      158
30      286
40      404
50      528
60      609
70      778
80      931
90      1041
100      1472
110      1669
120      1492
130      1851
140      1820
150      1947
160      2477
170      2271
180      2380
190      2727
200      2726
210      3122
220      3297
230      3231
240      3745
250      3718
260      3705
270      4505
280      4302
290      4723
300      4789
310      5123
320      5041
330      5265
340      5493
350      6120
360      5953
370      7168
380      6987
390      6976
400      6277
410      7132
420      7062
430      7606
440      7027
450      7789
460      7473
470      8018
480      7949
490      9031
500      8650
510      10073
520      9847
530      10063
540      9678
550      8744
560      9560
570      10450
580      10069
590      10350
600      12127






----------------------------------------------





10      79
20      164
30      254
40      384
50      623
60      586
70      790
80      955
90      1063
100      1385
110      1510
120      1681
130      1860
140      1869
150      2147
160      2035
170      2586
180      2833
190      3147
200      3083
210      3009
220      3183
230      3531
240      3872
250      3628
260      4055
270      4058
280      4180
290      4340
300      4408
310      5280
320      4534
330      5680
340      5735
350      5558
360      5856
370      6064
380      6535
390      6661
400      6498
410      7940
420      6902
430      7763
440      7564
450      7444
460      8013
470      8270
480      8243
490      8599
500      8962
510      9121
520      9407
530      8982
540      9092
550      9695
560      10746
570      10319
580      10231
590      10070
600      10943






----------------------------------------------





10      63
20      158
30      336
40      396
50      507
60      642
70      753
80      1041
90      1100
100      1267
110      1393
120      1758
130      2043
140      1896
150      2359
160      2245
170      2101
180      2780
190      2936
200      2824
210      3036
220      3363
230      3302
240      3496
250      3637
260      3850
270      4050
280      4473
290      4648
300      4917
310      4531
320      4968
330      4999
340      6265
350      6113
360      6316
370      5878
380      6230
390      6659
400      6802
410      6926
420      7244
430      7482
440      7435
450      7258
460      8093
470      11133
480      8313
490      8373
500      8259
510      9085
520      9067
530      9362
540      10290
550      9451
560      9831
570      9982
580      10423
590      10757
600      10635
